10.000
10.441
10.880
11.318
11.753
12.184
12.611
13.033
13.449
13.857
14.258
14.651
15.035
15.409
15.773
16.127
16.469
16.801
17.121
17.429
17.724
18.008
18.280
18.540
18.787
19.023
19.247
19.459
19.661
19.851
20.032
20.202
20.363
20.516
20.660
20.796
20.924
21.047
21.163
21.274
21.380
21.482
21.581
21.677
21.770
21.861
21.951
22.040
22.129
22.217
22.306
22.396
22.486
22.578
22.671
22.765
22.861
22.958
23.056
23.156
23.258
23.360
23.463
23.567
23.671
23.775
23.878
23.981
24.082
24.182
24.280
24.374
24.466
24.554
24.638
24.718
24.792
24.861
24.924
24.980
25.030
25.073
25.108
25.136
25.156
25.167
25.171
25.166
25.154
25.132
25.103
25.066
25.020
24.968
24.907
24.840
24.767
24.687
24.601
24.511
24.415
24.316
24.214
24.109
24.002
23.894
23.785
23.676
23.569
23.462
23.359
23.258
23.162
23.069
22.982
22.901
22.825
22.757
22.696
22.643
22.598
22.562
22.534
22.516
22.506
22.506
22.516
22.534
22.563
22.600
22.646
22.701
22.764
22.835
22.914
23.000
23.092
23.190
23.294
23.402
23.514
23.630
23.748
23.868
23.988
24.109
24.230
24.349
24.466
24.581
24.692
24.799
24.900
24.997
25.087
25.171
25.247
25.316
25.377
25.429
25.473
25.508
25.534
25.551
25.558
25.557
25.546
25.526
25.497
25.460
25.415
25.361
25.301
25.233
25.158
25.078
24.992
24.902
24.807
24.708
24.607
24.503
24.398
24.291
24.185
24.079
23.974
23.871
23.770
23.671
23.577
23.486
23.399
23.318
23.241
23.170
23.105
23.046
22.993
22.946
22.906
22.872
22.845
22.823
22.808
22.799
22.795
22.797
22.804
22.816
22.832
22.851
22.875
22.900
22.929
22.959
22.990
23.023
23.055
23.087
23.118
23.148
23.176
23.202
23.225
23.244
23.260
23.272
23.280
23.283
23.282
23.275
23.263
23.247
23.225
23.198
23.166
23.129
23.087
23.041
22.990
22.936
22.878
22.818
22.754
22.689
22.622
22.554
22.485
22.417
22.349
22.283
22.218
22.156
22.097
22.042
21.992
21.946
21.906
21.871
21.843
21.822
21.808
21.801
21.802
21.812
21.829
21.855
21.889
21.931
21.982
22.041
22.108
22.183
22.265
22.355
22.451
22.553
22.661
22.774
22.891
23.012
23.136
23.263
23.391
23.520
23.648
23.776
23.903
24.026
24.146
24.263
24.374
24.479
24.577
24.668
24.751
24.826
24.891
24.945
24.990
25.023
25.045
25.055
25.053
25.038
25.011
24.971
24.918
24.852
24.774
24.683
24.579
24.463
24.336
24.197
24.047
23.886
23.715
23.535
23.346
23.148
22.943
22.731
22.512
22.288
22.059
21.826
21.589
21.350
21.108
20.866
20.622
20.379
20.136
19.894
19.655
19.417
19.182
18.950
18.721
18.497
18.276
18.060
17.848
17.640
17.437
17.239
17.045
16.856
16.671
16.490
16.313
16.139
15.969
15.802
15.638
15.476
15.316
15.157
15.000
14.843
14.687
14.530
14.373
14.214
14.055
13.893
13.730
13.564
13.396
13.225
13.051
12.873
12.693
12.509
12.322
12.132
11.939
11.742
11.543
11.342
11.138
10.932
10.725
10.517
10.309
10.101
9.893
9.686
9.482
9.280
9.081
8.886
8.696
8.511
8.332
8.159
7.995
7.838
7.690
7.552
7.423
7.306
7.199
7.104
7.021
6.951
6.894
6.850
6.819
6.802
6.798
6.809
6.833
6.871
6.922
6.987
7.064
7.155
7.258
7.372
7.499
7.635
7.783
7.939
8.105
8.278
8.459
8.647
8.840
9.038
9.241
9.446
9.654
9.863
10.073
10.283
10.492
10.699
10.903
11.104
11.301
11.494
11.681
11.863
12.038
12.206
12.368
12.522
12.669
12.807
12.938
13.060
13.174
13.280
13.378
13.469
13.551
13.627
13.695
13.756
13.812
13.861
13.905
13.944
13.979
14.010
14.038
14.063
14.086
14.108
14.129
14.149
14.170
14.192
14.215
14.240
14.267
14.297
14.330
14.367
14.407
14.452
14.501
14.555
14.613
14.675
14.743
14.815
14.891
14.972
15.058
15.147
15.240
15.336
15.435
15.537
15.641
15.746
15.853
15.960
16.067
16.174
16.280
16.384
16.486
16.586
16.682
16.774
16.862
16.945
17.023
17.096
17.162
17.222
17.275
17.321
17.359
17.391
17.415
17.431
17.440
17.442
17.436
17.422
17.402
17.375
17.341
17.302
17.257
17.206
17.151
17.091
17.028
16.962
16.893
16.823
16.751
16.679
16.607
16.535
16.465
16.398
16.332
16.271
16.213
16.159
16.111
16.068
16.031
16.000
15.975
15.958
15.948
15.945
15.950
15.962
15.981
16.008
16.043
16.084
16.133
16.188
16.249
16.317
16.389
16.467
16.548
16.634
16.722
16.813
16.906
16.999
17.093
17.186
17.278
17.368
17.455
17.538
17.617
17.690
17.758
17.819
17.873
17.920
17.957
17.986
18.006
18.015
18.014
18.003
17.981
17.948
17.903
17.848
17.781
17.703
17.613
17.513
17.402
17.280
17.149
17.008
16.857
16.698
16.530
16.355
16.173
15.985
15.791
15.591
15.388
15.181
14.972
14.760
14.547
14.333
14.120
13.907
13.696
13.487
13.281
13.078
12.879
12.684
12.494
12.309
12.130
11.957
11.789
11.628
11.474
11.326
11.185
11.050
10.922
10.800
10.684
10.575
10.471
10.372
10.279
10.190
10.106
10.026
9.949
9.875
9.804
9.735
9.668
9.602
9.536
9.471
9.406
9.340
9.273
9.205
9.135
9.064
8.990
8.914
8.835
8.753
8.669
8.582
8.493
8.401
8.306
8.209
8.110
8.009
7.907
7.804
7.700
7.596
7.493
7.390
7.289
7.189
7.093
6.999
6.909
6.824
6.744
6.670
6.602
6.541
6.487
6.442
6.405
6.378
6.360
6.353
6.355
6.369
6.394
6.430
6.477
6.536
6.607
6.689
6.783
6.888
7.005
7.132
7.270
7.418
7.576
7.743
7.919
8.103
8.295
8.493
8.697
8.906
9.119
9.336
9.556
9.778
10.000
10.222
10.444
10.664
10.881
11.094
11.303
11.507
11.705
11.897
12.081
12.257
12.424
12.582
12.730
12.868
12.995
13.112
13.217
13.311
13.393
13.464
13.523
13.570
13.606
13.631
13.645
13.647
13.640
13.622
13.595
13.558
13.513
13.459
13.398
13.330
13.256
13.176
13.091
13.001
12.907
12.811
12.711
12.610
12.507
12.404
12.300
12.196
12.093
11.991
11.890
11.791
11.694
11.599
11.507
11.418
11.331
11.247
11.165
11.086
11.010
10.936
10.865
10.795
10.727
10.660
10.594
10.529
10.464
10.398
10.332
10.265
10.196
10.125
10.051
9.974
9.894
9.810
9.721
9.628
9.529
9.425
9.316
9.200
9.078
8.950
8.815
8.674
8.526
8.372
8.211
8.043
7.870
7.691
7.506
7.316
7.121
6.922
6.719
6.513
6.304
6.093
5.880
5.667
5.453
5.240
5.028
4.819
4.612
4.409
4.209
4.015
3.827
3.645
3.470
3.302
3.143
2.992
2.851
2.720
2.598
2.487
2.387
2.297
2.219
2.152
2.097
2.052
2.019
1.997
1.986
1.985
1.994
2.014
2.043
2.080
2.127
2.181
2.242
2.310
2.383
2.462
2.545
2.632
2.722
2.814
2.907
3.001
3.094
3.187
3.278
3.366
3.452
3.533
3.611
3.683
3.751
3.812
3.867
3.916
3.957
3.992
4.019
4.038
4.050
4.055
4.052
4.042
4.025
4.000
3.969
3.932
3.889
3.841
3.787
3.729
3.668
3.602
3.535
3.465
3.393
3.321
3.249
3.177
3.107
3.038
2.972
2.909
2.849
2.794
2.743
2.698
2.659
2.625
2.598
2.578
2.564
2.558
2.560
2.569
2.585
2.609
2.641
2.679
2.725
2.778
2.838
2.904
2.977
3.055
3.138
3.226
3.318
3.414
3.514
3.616
3.720
3.826
3.933
4.040
4.147
4.254
4.359
4.463
4.565
4.664
4.760
4.853
4.942
5.028
5.109
5.185
5.257
5.325
5.387
5.445
5.499
5.548
5.593
5.633
5.670
5.703
5.733
5.760
5.785
5.808
5.830
5.851
5.871
5.892
5.914
5.937
5.962
5.990
6.021
6.056
6.095
6.139
6.188
6.244
6.305
6.373
6.449
6.531
6.622
6.720
6.826
6.940
7.062
7.193
7.331
7.478
7.632
7.794
7.962
8.137
8.319
8.506
8.699
8.896
9.097
9.301
9.508
9.717
9.927
10.137
10.346
10.554
10.759
10.962
11.160
11.353
11.541
11.722
11.895
12.061
12.217
12.365
12.501
12.628
12.742
12.845
12.936
13.013
13.078
13.129
13.167
13.191
13.202
13.198
13.181
13.150
13.106
13.049
12.979
12.896
12.801
12.694
12.577
12.448
12.310
12.162
12.005
11.841
11.668
11.489
11.304
11.114
10.919
10.720
10.518
10.314
10.107
9.899
9.691
9.483
9.275
9.068
8.862
8.658
8.457
8.258
8.061
7.868
7.678
7.491
7.307
7.127
6.949
6.775
6.604
6.436
6.270
6.107
5.945
5.786
5.627
5.470
5.313
5.157
5.000
4.843
4.684
4.524
4.362
4.198
4.031
3.861
3.687
3.510
3.329
3.144
2.955
2.761
2.563
2.360
2.152
1.940
1.724
1.503
1.279
1.050
0.818
0.583
0.345
0.106
-0.136
-0.379
-0.622
-0.866
-1.108
-1.350
-1.589
-1.826
-2.059
-2.288
-2.512
-2.731
-2.943
-3.148
-3.346
-3.535
-3.715
-3.886
-4.047
-4.197
-4.336
-4.463
-4.579
-4.683
-4.774
-4.852
-4.918
-4.971
-5.011
-5.038
-5.053
-5.055
-5.045
-5.023
-4.990
-4.945
-4.891
-4.826
-4.751
-4.668
-4.577
-4.479
-4.374
-4.263
-4.146
-4.026
-3.903
-3.776
-3.648
-3.520
-3.391
-3.263
-3.136
-3.012
-2.891
-2.774
-2.661
-2.553
-2.451
-2.355
-2.265
-2.183
-2.108
-2.041
-1.982
-1.931
-1.889
-1.855
-1.829
-1.812
-1.802
-1.801
-1.808
-1.822
-1.843
-1.871
-1.906
-1.946
-1.992
-2.042
-2.097
-2.156
-2.218
-2.283
-2.349
-2.417
-2.485
-2.554
-2.622
-2.689
-2.754
-2.818
-2.878
-2.936
-2.990
-3.041
-3.087
-3.129
-3.166
-3.198
-3.225
-3.247
-3.263
-3.275
-3.282
-3.283
-3.280
-3.272
-3.260
-3.244
-3.225
-3.202
-3.176
-3.148
-3.118
-3.087
-3.055
-3.023
-2.990
-2.959
-2.929
-2.900
-2.875
-2.851
-2.832
-2.816
-2.804
-2.797
-2.795
-2.799
-2.808
-2.823
-2.845
-2.872
-2.906
-2.946
-2.993
-3.046
-3.105
-3.170
-3.241
-3.318
-3.399
-3.486
-3.577
-3.671
-3.770
-3.871
-3.974
-4.079
-4.185
-4.291
-4.398
-4.503
-4.607
-4.708
-4.807
-4.902
-4.992
-5.078
-5.158
-5.233
-5.301
-5.361
-5.415
-5.460
-5.497
-5.526
-5.546
-5.557
-5.558
-5.551
-5.534
-5.508
-5.473
-5.429
-5.377
-5.316
-5.247
-5.171
-5.087
-4.997
-4.900
-4.799
-4.692
-4.581
-4.466
-4.349
-4.230
-4.109
-3.988
-3.868
-3.748
-3.630
-3.514
-3.402
-3.294
-3.190
-3.092
-3.000
-2.914
-2.835
-2.764
-2.701
-2.646
-2.600
-2.563
-2.534
-2.516
-2.506
-2.506
-2.516
-2.534
-2.562
-2.598
-2.643
-2.696
-2.757
-2.825
-2.901
-2.982
-3.069
-3.162
-3.258
-3.359
-3.462
-3.569
-3.676
-3.785
-3.894
-4.002
-4.109
-4.214
-4.316
-4.415
-4.511
-4.601
-4.687
-4.767
-4.840
-4.907
-4.968
-5.020
-5.066
-5.103
-5.132
-5.154
-5.166
-5.171
-5.167
-5.156
-5.136
-5.108
-5.073
-5.030
-4.980
-4.924
-4.861
-4.792
-4.718
-4.638
-4.554
-4.466
-4.374
-4.280
-4.182
-4.082
-3.981
-3.878
-3.775
-3.671
-3.567
-3.463
-3.360
-3.258
-3.156
-3.056
-2.958
-2.861
-2.765
-2.671
-2.578
-2.486
-2.396
-2.306
-2.217
-2.129
-2.040
-1.951
-1.861
-1.770
-1.677
-1.581
-1.482
-1.380
-1.274
-1.163
-1.047
-0.924
-0.796
-0.660
-0.516
-0.363
-0.202
-0.032
0.149
0.339
0.541
0.753
0.977
1.213
1.460
1.720
1.992
2.276
2.571
2.879
3.199
3.531
3.873
4.227
4.591
4.965
5.349
5.742
6.143
6.551
6.967
7.389
7.816
8.247
8.682
9.120
9.559
